By:bilibili<维云斯----WeiYunSi> +Net ProS+ProX Pro#  MAX +BUG+BUGS+BUGX+++++SYR++++SELL +SY +WYS clo-se streng-then
wysxeadBTpLgWR01y1b0J1aDEDYBKXbtSzw6sbbgEQ.AF9NAFDgAEyI0ybbgEQOCSXVD5zQkTtbo4VX0l1uAEzM0PX5hKzlATteAEzN1lyPELtNkKXVBx1/ByzMESXV0xs4ESXVBJVbDFt6lfpuAER6hFp0AEJbDStOmfpfAStMh5nI0Pg/lSXPDfzeAEzNtSXaCL1bgKpbBKnNDERWCKtxhS.iB4nWB5tIgKdJBKpPhERqgK0wysyata
wysreadFn5pSirCDgD7CfD6BcBYFoj7VmhIQU77ScqNEdb1EdBSEcgeCg77ScqOAmj.BlhqunV74k.jCvD8Ech0CPjlTohvEnV2Ech1DvgPcpV1uoj.FJDMFgh0cmj.CJUkcmj.Ff.7BdVQv358EcrQTd5CEcf7BmVOs353EmV0TlteCPSMvmjPB3h2Ech1Vmj6ApD7So57Fot1BcriAoVJTmNyFktiFlVeSoHfFo5PTcrKSoCwysdata
WYSQQQUN:628493655QQQUNWYSJFHSWYSFTahXUaBwUaBwqahaUbJiUbJiFTWYS
WYSBILIhttps://space.bilibili.com/290706680bilibiliwys
2541086768
3293601967
2403418499
2268349739
609256603
65666604
179213954
2796658231
203862246
1424928038
393325700
2258158580
492034627
1156138888
940985979
676561574
1459800350
1038827906
2451907368
1821746019
357700947
1814362481
5263240
504250680
1656263629
1846266195
1497064399
2745672690
2581991419
3116823725
2722808951
841449926
1347472691
717647059
1931678704
3207970956
853346064
578806739
2361620217
1762560229
3307168964
1799454398
1158301249
1046676222
1184735966
1175378216
484340793
1148452199
1581133147
970634152
2779279740
3402909536
741758374
242223184
626271123
921665500
1013929452
3474131701
51388881
993083
1317001467
2683650312
1246641227
431350134
3054932752
2081962731
1965947415
3595824298
1046508025
3170212303
979797029
474727797
647225374
1322899248
6444465
1373789044
1227559504
1073722260
1259460360
745012345
1044069107
1546302108
1593866703
2590844260
1554688909
2939862826
846331101
2165569783
3497797359
1026338035
1275144947
1725733321
3106475121
1109640239
915005531
2840682902
1476262282
1519679959
837851210
2903339174
2876250670
3608231238
3263138409
1203989663
1409504
1832078858
1635018059
1064688738
202544010
851727069
1850654156
493371050
974839664
3418321610
2211523726
630982611
2320652054
1556618647
1031446331
3100426109
2252575683
2145505891
2289680345
2038727630
2226333333
1515619907
3242716961
3221111114
2509199395
1145464436
3588582483
3496143757
1833824663
2777412340
2712702263
1029390897
2694275160
960812201
1490417496
2865791760
2675411080
2678727172
1985896725
2656253744
3553877371
282736083
2785989622
1553007597
1512831320
1635541476
1533878600
845698119
2254984687
1841465854
1021235984
1520178889
2976055288
2424011745
2763642272
2854834446
3494421720
2269718601
547207509
314659842
1348847223
213317048
2392676023
736059134
2796785460
2658950308
1577935509
1278033900
1785285382
2734997724
1848094866
1034024968
274784382
774094685
1399132430
82959417
891029374
1519753927
981750525
2663412579
767678931
18734447
1585856014
137096944
30006853
755126961
199780621
2459686066
258701979
2150804397
257295364
839283329
2531826248
2677379788
755598349
275591580
594060504
3397036077
936328881
9582437
1365434749
1264148367
2450995044
903772448
1748580733
845553888
1755856326
1501749205
2524498138
3195258086
3064377503
806520396
757160725
516612674
2542164694
2197314149
2283124066
2228603840
914572519
2046160278
1609004096
1792407961
1732690070
957716666
1069446871
1304065742
2183521093
3507908010
744794554
1975109678
1749277686
3337016719
211685050
1909901227
2258018109
1874759295
256954797
375576314
326393542
710075151
2646222680
2466865361
190875007
382846171
2289906632
1010937898
842482866
2063679562
1290723082
2023762962
1274041072
1727411036
692602621
769625150
568862281
1005584676
1807919331
2559833097
806666250
690254593
2369360467
1628824843
1972863663
1278177633
352809551
1876492332
1031762701
1309515018
1210001792
1474714889
1250086928
2732574023
2399100666
335066033
1345581131
3306579386
1600926049
742760720
2686750663
1156312141
364530139
871080628
24498265
2415201773
532875862
1040652850
33778342
2151115244
27571815
2634381826
1807755080
910122727
2793001209
2427819884
2947700848
769185323
2031063863
3176686831
1106617450
1046799984
2539381273
1595464331
196000416
2714957846
984093494
2378533357
2738308728
729332964
156044076
1207177095
2035261928
3335437650
947517987
296905585
2209966390
1498055628
1841232233
1339274014
2170318949
1922789800
1905048779
2446675030
1601852390
1329008890
653611572
554008852
331744967
2060371447
1743023331
1218630831
814605642
2505866839
372037367
2647075166
84495142
2017601949
3023641706
2235534830
941121416
1722545157
872100573
285955999
1322375659
2404984769
909133332
3158510780
2212666729
1911925892
1249580190
1482604083
599492222
1570638624
2211378578
1760473808
1992546679
298300490
951456123
458008704
179021899
2407615053
2457051995
1406266073
34180500
185737795
2322919870
3046473827
1781886317
1834612306
1119090333
1321747251
2249859599
2983801712
1136609727
1351984608
24833166
965162808
1509067021
1742455338
2563000356
1098596514
302566275
1506935940
1904410232
1927708453
1250311873
764035020
1656601629
1010213790
2605495559
1721937646
166570017
2796765340
3315247446
1250221698
1150921403
834129194
1322738146
724228276
819282821
326003054
478236991
913221673
44005453
993400449
1035371722
3323361700
1687359535
2739917057
2360885703
755126961
1325122168
3509209629
3319492973
1806575592
2052166760
2696669502
2033364800
986753250
1812113108
47424007
1047886528
644279271
1556618647
1716129848
2082024159
33778342
70602229
2681218185
3286937674
1052516655
1497139707
298999180
765454799
1042364573
2578000978
405802097
3286709213
616235339
1471837309
378305181
3313143907
715592605
2905643561
3384469006
1529018440
1243247281
1530806685
3410801860
298999180
